-1967.40487365522
-2012.27121359349
-2134.64967375825
-2200.29506342849
-2269.31607228358
-2337.69702310753
-2406.82630077625
-2469.90547398838
-2536.71182963045
-2604.63118049075
-2650.77796141429
-2689.70492614064
-2721.25642658016
-2747.13616264089
-2770.41401818972
-2777.96134298013
-2775.49358405822
-2762.15248742416
-2746.36572180239
-2725.79594890905
-2699.6716588782
-1464.67518125565
-1666.75985927353
-1810.82367338503
-1950.80102445549
-2117.74589354534
-2251.05549286714
-2379.37904196485
-2475.6900923031
-2520.57108602505
-2512.08485035093
-2492.61003649215
-2464.7092960137
-2427.5510850175
-2389.02819101465
-2358.12834520386
-2340.69900361211
-2335.19648109601
-2331.69619342048
-2330.24060467279
-2329.92844723045
-2330.3069753171
-1587.58790827522
-1704.72946303693
-1802.93077531462
-1890.0929401421
-1980.17327372194
-2079.37997485304
-2168.39142269522
-2287.34763947336
-2416.62355046838
-2484.45751259656
-2496.0277132366
-2492.91288298443
-2478.80755073697
-2463.35843299959
-2447.31916610735
-2431.58408715299
-2416.25224692112
-2401.57718075971
-2386.58494238223
-2372.85415431927
-2362.2348242402
-2299.01524530042
-2403.05858093271
-2509.51759582895
-2590.97517227039
-2662.86273913275
-2712.93291456955
-2746.21409964729
-2747.50772453508
-2737.04697406451
-2716.57882805341
-2689.52662160058
-2662.39390910302
-2639.74560212959
-2623.69252057942
-2610.71894415999
-2601.60246796319
-2597.56495636359
-2596.43528706652
-2596.25853671874
-2596.31258177401
-2596.46017103398
-2307.12164983806
-2412.5319944642
-2537.00783444789
-2663.49977766339
-2724.06622117507
-2719.67702889519
-2683.30196788511
-2628.19887486748
-2552.08300279631
-2493.93860064678
-2448.45068342963
-2416.30086272219
-2401.70733288748
-2401.05483854872
-2408.62190151572
-2417.36057138936
-2418.67274251833
-2404.19445976327
-2371.39305041696
-2328.07730790067
-2280.05635339485
-2031.43551197566
-2138.5389487967
-2233.98606142691
-2313.35756501142
-2395.19607289552
-2499.96299881634
-2592.86927854938
-2708.27974331685
-2836.05199420899
-2894.16033199923
-2880.96122929001
-2838.59488906847
-2786.07790041324
-2729.15317767424
-2670.72371020677
-2634.16769987549
-2618.04988432795
-2615.27700248863
-2621.90044555289
-2637.45011101318
-2661.65240361434
-2845.04588964057
-2895.46497408891
-2934.32914694245
-2965.99139926461
-2999.5658557637
-3009.28319933805
-3010.21834534194
-3001.67670822167
-2986.57126488287
-2964.65425987105
-2940.86723889291
-2919.82917138374
-2893.75355146571
-2889.37878025595
-2888.94356153495
-2885.3621668199
-2881.92928895958
-2877.42269660863
-2871.64446351503
-2862.66875495599
-2850.40553259267
-2839.80890360281
-2891.91004421468
-2932.34337793963
-2965.24859443118
-2999.69905998063
-3009.55560369751
-3010.51010152531
-3001.76315522384
-2986.62327719601
-2964.66356165797
-2940.46043976998
-2918.76294059256
-2897.22154518426
-2891.22468272742
-2891.58381422289
-2887.38178652592
-2883.56073829063
-2878.550927397
-2872.47257941515
-2862.58483717519
-2850.42933223515
-1975.08484198304
-2020.62175288737
-2056.84233011835
-2087.21424593153
-2123.90478247573
-2135.96452492824
-2141.8188202155
-2132.20341766532
-2118.09599267009
-2098.38408169118
-2075.56359451261
-2055.40164000314
-2041.80775704982
-2035.69192872188
-2032.50145043364
-2031.04390985429
-2030.71382480105
-2030.79113110842
-2031.06769576514
-2031.23113854843
-2031.31352400081
-1829.38880955173
-1923.80096656171
-1997.49790298808
-2053.93123762249
-2095.51253874877
-2123.53944190061
-2138.86638554369
-2142.67553727462
-2137.02948256652
-2125.1051267484
-2109.80182509425
-2092.24881195074
-2074.03249592539
-2058.14132977106
-2047.32954039189
-2044.50096664923
-2043.28661256118
-2043.08227248867
-2043.28786350382
-2043.75039685689
-2044.075905827
-1825.39296665763
-1920.50823174534
-1994.70730351646
-2051.35949304256
-2093.0386647474
-2121.46466373771
-2137.85999273015
-2143.47326728442
-2140.58871917389
-2133.65430362653
-2125.86094771944
-2117.39518359338
-2106.99779337029
-2094.78548596213
-2083.09676377153
-2074.6580770247
-2070.2614607731
-2068.84300024528
-2068.80102491412
-2069.25075819694
-2069.57014964513
-1705.89465688678
-1807.08784419378
-1936.54071990644
-2072.9341471237
-2136.31776348508
-2138.55033756672
-2121.26967731597
-2101.72707977485
-2081.75412906483
-2062.34453426802
-2045.91395489619
-2035.29162710425
-2029.59920493917
-2026.34062459645
-2024.8018036375
-2024.29258838591
-2024.20751983765
-2024.38296521687
-2024.5644681853
-2024.66945291382
-2024.71957144152
-1658.61812780885
-1704.54791612288
-1738.79420239804
-1769.200419053
-1816.85160115374
-1837.30942447978
-1840.90450256607
-1830.19565862056
-1814.21765107953
-1793.62079756307
-1772.89270003282
-1757.99817301374
-1750.51376750689
-1749.99619056106
-1749.7113059417
-1749.73149682514
-1749.93744683602
-1750.07513597055
-1750.30584621502
-1750.43198577083
-1750.47904071624
-1531.97005764599
-1625.93591205966
-1698.82709243524
-1754.23061435132
-1795.02463489404
-1823.02036727945
-1839.28183278653
-1844.87890092493
-1840.51997713123
-1829.02350336182
-1814.25607235528
-1797.38537054191
-1779.43202946429
-1763.55254328475
-1752.44603129276
-1748.43785232615
-1747.2717285714
-1747.07770483661
-1747.27102529438
-1747.70876053577
-1748.01458593004
-1432.49008652335
-1534.15831172406
-1618.84734328736
-1690.32955338155
-1750.87692810434
-1799.58794225946
-1833.98466804673
-1853.37160610015
-1858.91780441745
-1854.91139520182
-1846.97836069811
-1839.95775476303
-1837.2471906372
-1838.83039783591
-1840.81118255351
-1841.56982374846
-1841.91681620683
-1842.43066290198
-1842.89566995409
-1843.42937818845
-1843.78973923043
-1416.96695549904
-1519.45005245524
-1649.07806016892
-1784.90229027463
-1849.91397762262
-1850.24173663113
-1832.892892567
-1813.25003872435
-1793.28347860824
-1774.0894389948
-1757.96787243331
-1747.70228765904
-1742.12348587225
-1738.93119487543
-1737.40332451127
-1736.84722543078
-1736.69493167833
-1736.7850763062
-1736.90046341154
-1736.95080536466
-1736.94802760435
-1568.43633031786
-1676.14120097963
-1816.26846470497
-1881.69769931
-1866.21856857327
-1828.02317603347
-1797.1292240212
-1775.91681769161
-1760.32460433804
-1748.82970092317
-1741.53770697873
-1737.27523495624
-1734.24094218729
-1732.04228677972
-1730.81803348439
-1730.35367347893
-1730.25621021272
-1730.36001525613
-1730.47904187718
-1728.08037146696
-1728.10957165078
-1645.37433016107
-1744.96671830818
-1790.78826218118
-1814.69701755647
-1830.60653255042
-1840.23144298599
-1844.84339878558
-1845.52312820825
-1843.24285350025
-1838.76940363325
-1832.62711235326
-1825.22150893326
-1816.87946928212
-1807.90562089594
-1798.76624267827
-1790.31102174948
-1783.32946767805
-1777.98110306415
-1773.87617878971
-1770.58209471956
-1767.79653775109
13.0149513477526
-81.9850855921775
-155.849231863097
-211.99448812417
-253.08316902161
-280.930003503512
-296.748574148019
-301.824474996812
-298.481304479764
-290.480644681212
-281.271061098428
-271.679537286969
-260.850325298178
-248.912085752804
-237.767077032149
-229.626792535907
-225.295556526381
-223.894140817861
-223.898598681112
-224.363272460222
-224.697910076403
